76525	6
147776	4
113761	6
86701	3
97496	3
35731	2
140579	6
148928	3
45585	3
105603	3
148189	6
42479	6
136724	3
124633	1
39352	3
159463	5
163131	3
121389	6
130390	3
146773	3
49261	3
124675	3
103786	3
82126	3
136961	3
67364	3
132079	3
60960	7
60983	6
96094	3
57646	3
122345	3
60958	7
47467	3
159678	0
61318	3
132450	6
152700	3
131112	6
144205	3
59148	3
91096	3
80434	6
125942	3
158068	3
37254	3
83210	3
89044	3
139592	3
96872	0
145634	3
84534	3
66152	3
148188	6
121023	7
56645	3
63481	3
72124	3
34378	3
107908	3
77277	6
52470	3
119084	3
143332	3
62164	6
69096	6
55425	6
80947	6
142331	3
113791	6
135868	3
69599	3
147980	6
147719	6
86162	6
121426	3
117674	3
123685	6
36994	6
36746	6
139151	6
123514	6
131124	6
62179	3
125752	6
84204	6
55922	6
77766	3
35759	3
132977	3
80983	6
157697	6
79879	6
121042	6
81420	6
162829	6
79044	3
141078	3
120260	6
131863	6
48539	6
124277	6
63162	6
140790	6
139399	6
130477	6
111688	3
76989	6
114383	3
118547	6
111388	6
117154	6
145418	6
69106	6
101826	3
